20  509.5
20  483.0
10  457.5
10  393.5
10  344.0
10  272.0
0   269.0
0   167.5
0   87.5
0   36.0
500 537.5
500 534.0
500 525.0
500 525.0
60  497.0
60  471.0
40  472.5
40  450.0
40  399.0
40  447.0
0   478.5
0   396.5
0   324.5
0   245.0
0   241.5
0   164.5
0   137.0
0   57.5
0   55.5
0   29.5
60  517.5
10  479.0
0   413.0
0   409.0
0   384.0
0   308.5
0   257.5
0   335.0
0   365.5
0   338.5
20  435.5
20  396.0
10  362.5
0   338.0
0   311.0
0   260.5
0   235.5
0   163.0
0   89.5
0   63.5
10  484.5
0   449.0
0   391.5
0   288.0
0   262.0
0   213.0
0   210.5
0   140.0
0   159.5
0   136.0
500 535.5
10  500.0
10  467.5
10  418.5
0   415.5
0   365.5
0   368.0
0   242.5
0   192.0
0   140.5
0   494.5
0   465.0
0   362.0
0   221.0
0   193.5
0   190.0
0   112.5
0   59.0
0   82.0
0   106.0
10  494.5
0   489.5
0   452.5
0   452.0
0   424.5
0   369.5
0   341.0
0   309.5
0   256.5
0   155.5
510 527.0
10  494.5
10  466.5
10  371.0
0   295.0
0   229.0
0   97.0
0   95.5
0   87.5
0   33.5
10  462.0
0   399.5
0   398.0
0   396.0
0   318.0
0   236.0
0   134.0
0   55.5
0   53.5
0   27.5
10  471.0
10  466.5
10  412.5
10  363.0
10  357.0
10  330.5
10  296.5
10  193.0
0   113.0
0   112.5
20  488.0
10  386.5
0   356.0
0   302.5
0   276.0
0   176.0
0   101.0
0   124.5
0   45.5
0   20.5
10  506.0
10  481.0
10  455.5
0   450.0
0   474.0
0   451.0
0   423.0
0   349.0
0   292.0
0   186.5
0   488.5
0   450.5
0   419.5
0   344.0
0   266.0
0   214.5
0   164.5
0   61.0
0   60.5
0   5.5
0   488.0
0   482.0
0   447.5
0   363.5
0   366.0
0   343.0
0   261.5
0   236.5
0   160.5
0   80.0
0   428.0
0   429.5
0   421.5
0   317.5
0   288.0
0   213.0
0   58.0
0   5.0
0   3.5
0   3.0
10  493.5
10  388.0
0   272.0
0   341.5
0   183.5
0   159.5
0   134.5
0   110.5
0   34.0
0   35.5
0   458.5
0   427.5
0   420.0
0   314.0
0   316.5
0   261.5
0   183.5
0   107.0
0   81.0
0   54.0
0   437.5
0   347.5
0   322.0
0   268.0
0   237.5
0   185.0
0   133.0
0   57.0
0   33.0
0   34.0
